11902.6052254
537.313822689
634.366582689
638.361502689
725.393532689
737.375772689
834.428532689
853.452112689
948.471462689
952.520522689
1061.55552269
1138.59983269
1189.61410269
1301.66316269
1304.64104269
1487.74247269
1490.72035269
1619.76294269
1650.80580269
1676.78440269
1790.82733269
1836.88511269
1905.85427269
1907.92222269
2018.93833269
2035.98080269
2175.03944269
2199.04413269
2288.12350269
2328.08672269
2417.16609269
2431.09591269
2532.14359269
2603.24540269
2688.24470269
2789.29238269
2789.32471269
2888.39312269
2975.37169269
3016.45170269
3032.39315269
3146.43608269
3163.52011269
3259.52014269
3349.59942269
3372.60420269
3450.64710269
3503.64469269
3574.68180269
3578.74206269
3671.73456269
3675.79482269
3774.74375269
3838.85815269
3873.81216269
3935.91091269
4020.88057269
4034.97932269
4092.00078269
4176.98168269
4220.05936269
4308.02217269
4349.10195269
4407.09058269
4452.11114269
4554.15899269
4615.17447269
4682.25395269
4771.27558269
4783.30163269
4858.30761269
4884.34931269
4955.38642269
4972.35054269
5052.43918269
5135.41387269
5199.50759269
5222.44590269
5309.47793269
5336.56650269
5465.57904269
5465.60909269
5522.63055269
5594.62163269
5619.68331269
5695.66931269
5798.67850269
5805.76262269
5876.79973269
5897.74691269
6004.85831269
6025.80549269
6096.84260269
6103.92672269
6206.93591269
6282.92191269
6307.98359269
6379.97467269
6436.99613269
6437.02618269
6566.03872269
6593.12729269
6680.15932269
6703.09763269
6767.19135269
6850.16604269
6930.25468269
6947.21880269
7018.25591269
7044.29761269
7119.30359269
7131.32964269
7220.35127269
7287.43075269
7348.44623269
7450.49408269
7495.51464269
7553.50327269
7594.58305269
7682.54586269
7725.62354269
7810.60444269
7867.62590269
7881.72465269
7966.69431269
8028.79306269
8063.74707269
8127.86147269
8226.81040269
8230.87066269
8323.86316269
8327.92342269
8398.96053269
8451.95812269
8530.00102269
8553.00580269
8643.08508269
8739.08511269
8756.16914269
8870.21207269
8886.15352269
8927.23353269
9014.21210269
9113.28051269
9113.31284269
9214.36052269
9299.35982269
9370.46163269
9471.50931269
9485.43913269
9574.51850269
9614.48172269
9703.56109269
9727.56578269
9866.62442269
9883.66689269
9994.68300269
9996.75095269
10065.7201127
10111.7778927
10225.8208227
10251.7994227
10282.8422827
10411.8848727
10414.8627527
10597.9641827
10600.9420627
10712.9911227
10764.0053927
10841.0497027
10950.0847027
10954.1337627
11049.1531127
11068.1766927
11165.2294527
11177.2116927
11264.2437227
11268.2386427
11365.2914027