4213.28230801
4328.30924801
4334.63409095
4399.34635801
4430.91572748
4468.79797106
4503.55503853
4527.40493801
4624.45769801
4652.26418409
4708.07523859
4725.50537801
4796.54248801
4924.63744801
4995.67455801
5142.74296801
5160.74728714
5199.76442801
5223.46240868
5298.83283801
5308.04338754
5404.74203895
5426.89141801
5484.91214801
5517.69302979
5527.93909801
5612.97072801
5616.87435918
5626.37748105
5691.00242801
5707.17069308
5715.97991801
5797.89812519
5803.01194801
5804.08648801
5896.4023979
5913.05127447
5922.64623512
5932.18144801
5946.79369802
5963.66568403
5989.09125801
6061.03475397
6061.22403801
6092.43716293
6175.17056801
6198.28294801
6231.3858725
6279.51681512
6281.62490153
6335.34185801
6338.23389801
6348.86434137
6355.96628253
6398.77478416
6422.37388801
6453.26083801
6485.68367021
6486.30557574
6519.33404126
6540.29286801
6549.68903217
6560.8419677
6608.45319801
6627.32489801
6722.49612801
6740.40895801
6819.54888801
6869.45154801
6910.02406523
6916.10624725
6922.55807801
6966.87610495
6981.04954214
7021.62648801
7025.55265801
7070.74837246
7188.61598801
7207.70579801
7209.63689122
7223.4429821
7253.53488004
7264.72725801
7273.32440065
7335.68439801
7392.70585801
7392.78583801
7430.84016829
7463.75787173
7489.75861801
7494.37423171
7520.84441801
7539.74375094
7552.13118191
7594.98938425
7602.84267801
7645.20622892
7667.91282801