989
236 45
770 609
123 107
825 978
845 586
910 146
959 34
323 478
68 216
79 104
360 67
270 504
303 65
578 136
588 727
9 228
139 572
19 3
258 196
150 151
441 206
248 169
134 87
544 175
503 832
213 283
91 844
307 28
214 151
339 153
4 115
146 157
295 919
675 416
7 86
760 834
167 626
700 577
141 206
270 818
470 340
295 346
809 254
98 383
154 302
8 455
183 668
269 167
80 760
306 865
89 74
22 21
455 667
46 370
300 621
530 220
374 779
65 390
110 84
64 223
187 19
47 49
964 711
233 324
758 410
984 851
335 328
34 921
672 571
368 79
95 690
2 1
564 97
191 297
571 90
746 705
142 914
83 282
417 98
161 397
408 485
516 42
243 59
3 2
247 482
702 518
141 15
156 167
175 311
375 62
55 958
5 33
472 885
425 249
60 20
21 945
913 536
199 93
7 11
339 800
539 433
591 161
926 510
410 101
190 464
238 45
486 119
223 817
59 179
17 26
174 156
424 60
132 253
245 711
127 522
1 87
301 273
488 351
50 19
713 801
460 396
462 161
175 93
971 540
631 22
3 15
167 254
84 481
660 507
336 151
130 127
943 677
136 63
69 414
856 40
763 382
397 542
696 351
24 740
304 64
663 756
269 430
758 870
365 525
298 388
792 350
574 803
260 565
205 114
776 906
85 126
738 206
434 568
372 56
88 543
733 175
100 90
39 37
634 47
968 570
157 299
45 83
666 546
726 38
125 333
183 182
454 30
348 115
255 588
280 288
720 357
300 982
234 226
468 200
622 131
380 53
118 643
922 694
328 373
22 96
255 72
746 777
423 336
82 54
7 113
176 52
269 743
682 20
137 1
596 963
22 748
203 74
200 263
2 65
134 154
54 22
226 418
194 456
646 8
515 723
213 558
136 904
277 841
168 319
31 15
317 266
48 195
313 162
200 190
617 33
20 749
466 421
182 90
850 494
6 10
120 61
867 253
155 556
655 617
717 116
149 4
595 486
751 980
697 729
453 496
233 134
323 54
710 588
537 264
479 201
325 713
492 274
67 91
80 936
155 384
435 190
375 580
456 718
340 92
225 65
716 197
814 584
16 11
185 179
674 3
276 294
240 139
44 669
78 220
41 518
810 176
8 570
652 373
48 487
66 52
4 21
260 30
315 305
14 55
131 961
471 149
854 264
650 664
946 757
32 85
22 38
893 836
34 20
565 975
808 206
164 328
663 26
869 437
816 141
765 888
99 196
55 252
932 988
950 641
68 65
829 175
355 446
358 607
782 285
158 141
453 157
349 358
918 431
863 97
202 239
384 608
754 296
594 416
584 289
107 962
632 69
514 215
888 957
147 87
222 33
688 712
273 724
853 761
875 79
198 917
122 162
215 66
63 229
483 164
639 351
624 776
117 1
4 155
318 686
15 118
3 6
746 765
138 257
299 521
389 633
484 138
529 262
280 271
930 821
223 296
35 31
273 882
71 61
35 722
64 27
210 802
905 4
532 28
933 939
839 766
185 387
219 376
369 314
190 171
120 274
13 164
406 297
108 31
336 610
182 781
951 44
836 526
12 78
39 79
139 838
13 40
343 831
320 239
197 97
977 341
579 925
245 214
806 791
201 52
353 322
26 279
160 112
294 647
648 519
709 427
107 432
362 830
785 142
202 306
656 241
43 94
509 97
858 638
132 52
761 557
495 227
344 207
286 374
335 355
13 1
91 421
299 651
443 494
295 822
941 652
469 26
374 967
973 39
214 362
981 98
752 386
473 71
538 62
759 598
442 598
82 427
489 322
150 350
974 948
37 7
186 65
685 150
398 38
541 103
143 140
520 103
70 896
683 25
344 900
109 635
297 707
81 623
275 201
296 873
821 908
63 32
87 178
217 778
715 479
153 60
811 173
877 470
852 13
421 513
266 21
18 268
148 105
563 272
130 512
11 213
347 642
56 21
346 576
388 459
752 798
22 99
526 436
143 602
889 47
579 551
212 708
124 101
212 412
22 29
540 240
69 17
515 20
264 928
475 260
65 331
901 915
217 420
50 59
275 673
497 428
42 524
185 207
493 427
42 62
73 119
775 370
849 794
79 209
131 177
99 125
565 843
286 267
44 16
428 876
305 691
314 352
649 522
70 498
715 942
786 880
828 419
8 5
605 493
505 302
310 63
927 226
575 503
187 429
164 629
221 12
488 654
298 321
232 61
475 848
277 232
11 405
381 886
648 745
181 65
620 203
965 392
150 117
15 890
57 44
252 399
50 393
73 264
395 302
258 385
156 113
840 834
261 76
433 333
747 714
70 351
404 233
14 2
467 179
368 452
32 138
16 20
184 166
147 278
171 48
241 53
47 766
342 56
697 566
189 322
16 861
457 325
587 39
404 855
665 149
949 813
434 480
70 28
237 436
415 851
54 507
960 50
788 701
313 334
259 164
256 923
44 929
401 477
274 581
316 207
783 293
389 209
36 285
308 28
776 955
160 662
577 387
694 512
97 70
251 124
804 846
226 114
688 674
607 645
804 172
772 819
136 337
813 182
98 159
440 199
440 567
149 444
131 28
606 385
128 105
302 797
241 318
609 559
238 298
463 34
725 635
88 903
15 46
4 2
799 561
164 208
557 65
773 760
271 612
421 590
394 354
604 575
180 143
103 8
291 108
835 673
437 149
566 546
80 23
796 609
603 98
458 151
105 10
334 506
643 986
552 26
93 127
912 676
677 116
11 133
528 429
443 104
47 510
920 455
423 881
730 44
114 144
316 676
114 52
348 627
365 833
693 286
533 273
244 216
408 297
784 666
560 447
894 795
271 98
247 136
5 24
355 357
173 94
795 55
472 81
109 92
842 189
2 596
637 66
813 909
898 610
95 69
907 679
62 90
737 837
151 825
158 326
546 208
614 469
461 304
42 43
51 88
249 229
31 377
168 13
502 789
11 27
411 681
937 947
192 87
22 23
454 670
786 55
641 281
820 602
492 600
148 272
57 327
415 375
878 144
422 295
887 350
204 47
771 220
312 301
364 217
714 544
1 592
373 445
107 548
715 767
371 28
319 866
73 242
46 386
451 13
98 93
11 871
670 678
492 671
503 931
142 940
140 27
187 188
293 40
264 330
68 559
744 366
378 28
33 864
935 711
255 438
742 78
474 170
401 23
732 123
698 331
501 892
933 582
952 183
224 88
80 189
661 679
219 402
235 85
396 409
400 550
24 92
664 944
35 198
490 192
349 511
211 170
53 30
289 286
555 868
31 32
118 416
447 181
104 554
152 74
51 246
611 285
731 757
28 14
436 624
36 33
93 638
305 24
14 17
719 366
680 45
17 42
334 356
93 31
27 270
9 4
857 222
309 365
19 102
750 122
684 109
241 535
706 657
9 139
953 396
221 434
376 911
65 555
338 99
89 129
101 692
517 872
367 235
574 58
69 650
256 23
149 561
122 392
737 491
43 361
562 418
812 285
860 567
239 862
37 194
587 937
565 569
64 106
87 276
21 218
131 343
15 73
133 658
166 115
549 790
359 285
8 734
701 408
899 298
407 805
48 32
371 413
272 366
956 39
116 79
251 523
802 884
404 442
388 897
780 591
826 739
265 149
30 161
731 787
52 30
501 349
411 407
72 69
644 251
262 102
753 148
160 347
979 122
93 972
86 169
874 523
411 499
31 381
695 379
983 408
618 539
895 67
111 65
357 704
504 827
244 314
847 560
625 563
755 208
231 11
266 597
117 419
156 448
823 554
41 18
391 321
257 589
186 309
16 51
739 673
386 616
273 586
47 17
985 852
793 744
155 585
177 363
989 172
582 252
345 287
95 932
15 349
519 764
219 32
815 196
375 531
689 427
59 101
18 14
640 467
156 396
121 9
661 21
29 145
168 549
170 59
970 876
859 840
132 172
352 428
107 431
653 127
35 267
123 212
253 273
159 768
439 267
593 172
934 468
536 232
601 539
12 84
173 659
377 553
844 969
619 236
10 449
762 571
202 142
657 58
494 551
802 807
938 681
62 751
45 81
721 543
916 687
888 954
142 134
22 407
234 519
57 58
545 312
733 821
508 279
735 31
382 166
194 210
146 28
20 891
22 45
628 520
924 896
250 31
23 74
192 379
103 112
127 902
736 483
266 517
547 278